234
234
235
234
235
236
236
238
237
237
238
237
240
239
240
240
241
238
240
240
240
239
242
242
243
243
245
238
243
241
245
245
245
244
244
245
244
244
245
243
244
245
240
242
244
239
237
232
230
227
228
228
226
229
230
230
229
227
230
227
227
230
230
231
234
233
234
236
236
237
236
237
238
235
236
236
237
234
236
237
238
239
240
241
241
243
242
242
244
248
249
253
253
255
257
255
255
256
258
257
257
258
260
263
263
264
265
268
268
270
269
268
270
276
279
277
277
278
276
277
276
277
272
268
269
268
267
270
270
271
268
267
265
264
263
261
262
263
262
265
266
267
268
268
267
269
284
314
278
285
274
233
232
246
253
268
279
282
297
291
276
271
277
289
291
267
274
264
254
251
244
246
242
244
218
223
224
210
209
215
215
223
234
245
243
257
263
273
284
294
320
377
435
491
511
362
364
350
432
526
268
267
260
268
256
260
264
265
267
263
258
262
260
263
262
259
261
259
257
257
265
265
263
260
264
259
261
260
252
245
245
248
251
252
246
244
242
234
240
244
246
237
239
245
249
250
250
252
244
251
249
254
253
259
258
259
260
254
255
250
253
252
254
256
256
255
255
255
253
253
253
255
256
252
254
255
253
246
257
254
255
250
251
255
256
260
259
258
261
257
258
263
257
262
264
262
263
263
268
262
261
254
259
221
249
260
265
268
273
277
285
287
297
303
307
308
312
312
316
318
313
317
313
309
305
301
303
300
290
289
293
285
283
285
287
287
288
284
266
255
256
259
259
259
259
263
266
268
269
271
272
275
275
275
277
279
281
283
285
288
291
291
248
181
151
140
131
128
126
124
120
117
116
115
117
116
116
114
115
120
124
121
119
120
122
127
128
127
122
121
113
111
111
113
119
120
119
120
118
118
120
126
126
125
126
126
132
136
135
133
134
137
142
140
138
135
136
146
140
149
143
147
150
146
142
144
140
134
129
125
125
125
123
120
117
120
122
125
125
127
134
131
137
138
144
148
143
143
139
142
140
140
153
154
147
132
128
141
144
133
136
152
159
142
141
131
142
154
154
150
154
159
145
147
134
141
151
168
183
194
202
194
195
194
195
185
186
185
182
181
182
181
178
175
174
173
174
177
187
200
205
213
214
219
226
211
193
191
191
192
194
193
192
188
176
173
176
179
186
187
191
202
210
224
237
247
260
267
274
276
280
278
274
276
267
247
240
237
219
212
207
203
199
198
199
200
198
199
197
197
198
198
194
195
195
197
199
201
201
203
202
204
203
204
206
208
207
205
207
207
205
205
206
205
207
209
212
213
213
216
220
225
226
227
227
228
229
230
231
230
228
229
230
231
232
232
231
223
225
225
