183
185
187
188
188
187
187
184
192
189
189
192
195
194
199
194
196
197
197
201
201
203
204
204
204
202
197
201
201
202
198
202
205
203
198
196
197
199
197
195
192
195
196
198
200
201
201
203
205
208
210
212
214
221
221
221
222
223
224
224
224
221
220
216
219
216
216
217
218
217
218
213
215
216
214
221
230
240
244
248
254
256
255
256
257
257
258
256
256
256
254
248
250
253
254
243
246
246
247
246
243
247
250
248
245
242
243
241
236
235
234
235
238
238
235
237
238
239
242
245
248
248
250
252
246
244
246
246
246
247
249
251
250
252
252
252
255
256
256
258
258
259
262
264
267
276
292
275
269
281
299
266
253
240
252
252
243
249
249
252
252
257
259
259
260
267
266
271
281
280
287
285
281
285
297
306
317
310
305
315
339
372
357
316
273
289
296
297
295
291
254
257
261
265
270
273
275
272
274
278
284
282
282
282
279
281
281
282
284
280
280
278
272
271
259
260
257
256
258
264
266
266
269
269
267
266
269
271
270
272
273
275
276
277
277
279
280
279
281
279
281
283
282
282
277
275
280
278
278
280
278
278
279
280
281
283
286
277
273
270
277
270
266
269
271
268
266
274
269
270
271
271
270
273
274
275
285
286
283
286
280
278
277
279
279
282
282
281
274
272
275
281
298
312
322
333
319
301
300
300
304
297
299
301
306
304
304
306
303
305
307
308
305
305
305
305
305
306
308
308
311
310
312
311
313
312
311
311
312
316
312
311
307
306
304
307
308
304
304
305
306
305
310
310
312
311
310
310
310
310
312
312
312
310
309
311
311
315
319
318
321
328
333
334
336
338
319
238
146
128
122
113
109
107
105
101
98
97
97
96
99
100
99
100
99
101
105
107
113
110
105
105
102
103
103
103
107
102
101
100
102
102
98
99
102
101
102
103
104
105
107
109
109
112
110
112
115
113
113
116
119
122
125
126
127
127
128
128
129
132
116
115
114
115
117
116
117
118
118
121
124
130
136
141
136
131
133
130
128
126
124
125
125
122
120
120
119
121
122
121
123
128
131
130
133
132
127
128
138
142
144
117
109
107
106
108
109
112
114
115
118
120
122
124
125
127
128
130
131
134
137
135
133
131
133
133
137
137
140
141
141
143
144
146
146
145
138
135
134
134
136
137
140
143
145
146
146
146
148
148
149
149
151
151
151
152
153
154
155
157
159
164
165
167
168
170
171
173
174
177
175
176
176
175
174
175
176
177
177
179
180
182
181
182
184
184
185
191
190
190
191
194
194
195
196
199
201
203
203
203
203
205
206
205
207
209
212
212
215
217
221
221
223
220
222
223
221
223
213
214
216
215
216
220
221
225
230
232
237
240
