245
246
247
243
244
247
245
249
250
247
250
252
252
249
250
248
252
251
247
248
253
226
225
223
227
231
234
235
236
236
237
238
242
240
239
241
243
243
244
244
244
243
246
246
244
245
249
250
251
253
252
253
254
255
254
255
257
259
260
261
262
261
263
262
264
264
266
264
265
265
266
270
274
274
273
278
281
270
271
270
271
266
266
266
265
266
266
267
268
269
271
273
273
275
275
275
276
277
278
280
279
278
278
280
281
282
282
283
283
284
284
284
285
284
285
276
283
281
282
283
282
284
284
283
282
284
285
285
285
282
274
278
281
282
282
281
282
278
280
278
281
284
280
283
282
280
280
280
284
242
269
297
306
306
310
317
326
321
298
303
280
262
256
253
249
231
235
244
252
256
264
269
268
275
281
277
282
282
282
283
280
280
282
284
263
281
270
275
275
278
280
287
286
292
286
282
285
288
289
289
279
282
269
274
276
279
270
276
282
278
282
286
284
285
278
281
282
284
279
282
284
283
285
286
284
278
281
278
284
276
281
281
278
270
267
267
260
268
269
272
268
266
262
265
253
254
255
261
264
265
267
269
266
269
271
274
274
277
280
283
280
281
283
282
278
280
282
282
279
277
274
279
278
280
281
275
278
275
277
278
275
275
273
275
270
268
266
264
274
272
277
296
311
323
313
297
301
305
307
310
311
304
300
295
291
286
289
291
291
292
293
294
294
297
297
298
298
299
300
303
301
301
302
302
302
303
303
303
303
302
301
300
298
297
293
286
278
280
284
285
286
285
285
287
287
287
288
288
288
289
293
293
293
295
295
295
295
296
298
299
303
306
292
262
178
152
142
142
136
127
122
122
121
114
112
111
113
112
112
113
114
116
118
118
118
119
123
126
126
128
121
119
122
116
114
114
112
112
114
114
118
118
119
119
121
120
120
121
122
128
127
133
129
128
130
128
125
126
128
128
129
132
129
130
130
128
130
131
134
137
138
137
137
139
140
141
143
142
144
148
154
152
142
140
133
135
134
128
128
127
129
131
127
129
127
127
124
116
122
129
136
142
148
150
153
158
161
161
166
165
169
168
165
148
144
145
148
147
147
149
151
153
156
156
155
153
153
155
156
157
158
158
160
160
160
161
161
164
165
166
167
168
169
170
171
171
172
172
173
174
176
177
177
178
178
179
180
182
182
183
184
185
187
187
188
191
192
194
195
196
197
198
200
201
201
202
203
205
207
208
209
210
211
212
210
210
211
215
217
217
219
220
220
221
222
224
225
224
226
226
226
227
222
224
226
227
226
227
230
229
233
235
235
237
238
238
238
239
240
241
239
239
240
242
244
241
243
244
247
247
251
253
255
257
259
258
259
260
260
262
